771 1406
824 1406
771 1658
824 1658
771 1686
824 1686
771 1780
824 1780
771 1833
824 1833
771 2045
824 2045
771 2204
824 2204
771 2239
824 2239
771 2251
824 2251
771 2390
824 2390
771 2422
824 2422
771 2548
824 2548
771 2810
824 2810
771 2880
824 2880
771 2882
824 2882
771 3055
824 3055
771 3190
824 3190
771 3377
824 3377
771 3574
824 3574
771 3576
824 3576
771 3630
824 3630
771 3642
824 3642
771 3690
824 3690
771 3715
824 3715
771 3916
824 3916
771 3942
824 3942
771 4014
824 4014
771 4017
824 4017
771 4115
824 4115
771 4161
824 4161
771 4198
824 4198
771 4221
824 4221
771 4241
824 4241
771 4262
824 4262
771 4343
824 4343
771 4351
824 4351
771 4371
824 4371
771 4415
824 4415
771 4427
824 4427
771 4455
824 4455
771 4464
824 4464
771 4475
824 4475
771 4483
824 4483
771 4513
824 4513
771 4521
824 4521
771 4554
824 4554
771 4557
824 4557
771 4558
824 4558
771 4599
824 4599
771 4612
824 4612
771 4617
824 4617
771 4618
824 4618
771 4635
824 4635
771 4651
824 4651
771 4672
824 4672
771 4682
824 4682
771 4686
824 4686
771 4701
824 4701
771 4743
824 4743
771 4777
824 4777
771 4778
824 4778
771 4779
824 4779
771 4792
824 4792
771 4796
824 4796
771 4802
824 4802
771 4804
824 4804
771 4854
824 4854
771 4926
824 4926
771 4927
824 4927
771 4934
824 4934
771 4939
824 4939
771 4955
824 4955
771 4956
824 4956
771 4973
824 4973
771 4974
824 4974
771 4975
824 4975
771 4976
824 4976
771 4977
824 4977
771 4979
824 4979
771 4983
824 4983
771 4984
824 4984
771 4985
824 4985
771 5034
824 5034
771 5041
824 5041
771 5065
824 5065
771 5066
824 5066
771 5067
824 5067
771 5068
824 5068
771 5069
824 5069
771 5098
824 5098
771 5099
824 5099
771 5105
824 5105
771 5106
824 5106
771 5107
824 5107
771 5124
824 5124
771 5207
824 5207
771 5208
824 5208
771 5210
824 5210
771 5211
824 5211
771 5239
824 5239
771 5240
824 5240
771 5241
824 5241
771 5242
824 5242
771 5243
824 5243
771 5250
824 5250
771 5256
824 5256
771 5266
824 5266
771 5278
824 5278
771 5279
824 5279
771 5280
824 5280
771 5282
824 5282
771 5283
824 5283
771 5284
824 5284
771 5285
824 5285
1379 1994
1853 1994
1379 1997
1853 1997
1379 2003
1853 2003
1379 2159
1853 2159
1379 2266
1853 2266
1379 2278
1853 2278
1379 2280
1853 2280
1379 2283
1853 2283
1379 2288
1853 2288
1379 2311
1853 2311
1379 2620
1853 2620
1379 3011
1853 3011
1379 3051
1853 3051
1379 3273
1853 3273
1379 3309
1853 3309
1379 3540
1853 3540
1379 3570
1853 3570
1379 3691
1853 3691
1379 3909
1853 3909
1379 3925
1853 3925
1379 4036
1853 4036
1379 4059
1853 4059
1379 4063
1853 4063
1379 4123
1853 4123
1379 4150
1853 4150
1379 4219
1853 4219
1379 4248
1853 4248
1379 4249
1853 4249
1379 4315
1853 4315
1379 4332
1853 4332
1379 4453
1853 4453
1379 4465
1853 4465
1379 4561
1853 4561
1379 4620
1853 4620
1379 4684
1853 4684
1379 4688
1853 4688
1379 4700
1853 4700
1379 4704
1853 4704
1379 4728
1853 4728
1379 4729
1853 4729
1379 4730
1853 4730
1379 4741
1853 4741
1379 4750
1853 4750
1379 4759
1853 4759
1379 4761
1853 4761
1379 4767
1853 4767
1379 4768
1853 4768
1379 4769
1853 4769
1379 4781
1853 4781
1379 4782
1853 4782
1379 4785
1853 4785
1379 4786
1853 4786
1379 4787
1853 4787
1379 4789
1853 4789
1379 4822
1853 4822
1379 4834
1853 4834
1379 4923
1853 4923
1379 4935
1853 4935
1379 4957
1853 4957
1379 4958
1853 4958
1379 4959
1853 4959
1379 4966
1853 4966
1379 4982
1853 4982
1379 5006
1853 5006
1379 5013
1853 5013
1379 5015
1853 5015
1379 5016
1853 5016
1379 5018
1853 5018
1379 5019
1853 5019
1379 5020
1853 5020
1379 5021
1853 5021
1379 5022
1853 5022
1379 5023
1853 5023
1379 5025
1853 5025
1379 5028
1853 5028
1379 5063
1853 5063
1379 5064
1853 5064
1379 5080
1853 5080
1379 5081
1853 5081
1379 5082
1853 5082
1379 5083
1853 5083
1379 5097
1853 5097
1379 5140
1853 5140
1379 5141
1853 5141
1379 5142
1853 5142
1379 5151
1853 5151
1379 5154
1853 5154
1379 5212
1853 5212
1379 5213
1853 5213
1379 5245
1853 5245
1379 5246
1853 5246
1379 5263
1853 5263
1379 5264
1853 5264
1379 5268
1853 5268
1379 5269
1853 5269
1379 5270
1853 5270
1379 5271
1853 5271
1379 5273
1853 5273
1379 5274
1853 5274
1379 5275
1853 5275
1379 5276
1853 5276
940 1218
1045 1218
940 1662
1045 1662
940 1885
1045 1885
940 2214
1045 2214
940 2224
1045 2224
940 2451
1045 2451
940 2502
1045 2502
940 2512
1045 2512
940 2515
1045 2515
940 3216
1045 3216
940 3260
1045 3260
940 3314
1045 3314
940 3536
1045 3536
940 3596
1045 3596
940 3617
1045 3617
940 3620
1045 3620
940 3696
1045 3696
940 3701
1045 3701
940 3794
1045 3794
940 3810
1045 3810
940 3812
1045 3812
940 3819
1045 3819
940 4039
1045 4039
940 4108
1045 4108
940 4131
1045 4131
940 4147
1045 4147
940 4178
1045 4178
940 4261
1045 4261
940 4264
1045 4264
940 4299
1045 4299
940 4313
1045 4313
940 4340
1045 4340
940 4357
1045 4357
940 4370
1045 4370
940 4414
1045 4414
940 4479
1045 4479
940 4500
1045 4500
940 4514
1045 4514
940 4548
1045 4548
940 4562
1045 4562
940 4569
1045 4569
940 4575
1045 4575
940 4576
1045 4576
940 4587
1045 4587
940 4613
1045 4613
940 4622
1045 4622
940 4641
1045 4641
940 4646
1045 4646
940 4655
1045 4655
940 4657
1045 4657
940 4692
1045 4692
940 4737
1045 4737
940 4739
1045 4739
940 4747
1045 4747
940 4774
1045 4774
940 4798
1045 4798
940 4800
1045 4800
940 4815
1045 4815
940 4820
1045 4820
940 4832
1045 4832
940 4833
1045 4833
940 4835
1045 4835
940 4836
1045 4836
940 4849
1045 4849
940 4850
1045 4850
940 4858
1045 4858
940 4888
1045 4888
940 4889
1045 4889
940 4890
1045 4890
940 4918
1045 4918
940 4919
1045 4919
940 4920
1045 4920
940 4921
1045 4921
940 4969
1045 4969
940 4970
1045 4970
940 4971
1045 4971
940 4972
1045 4972
940 4988
1045 4988
940 5038
1045 5038
940 5039
1045 5039
940 5085
1045 5085
940 5088
1045 5088
940 5089
1045 5089
940 5090
1045 5090
940 5091
1045 5091
940 5092
1045 5092
940 5114
1045 5114
940 5155
1045 5155
940 5156
1045 5156
940 5158
1045 5158
940 5160
1045 5160
940 5161
1045 5161
940 5162
1045 5162
940 5163
1045 5163
940 5164
1045 5164
940 5165
1045 5165
940 5171
1045 5171
940 5173
1045 5173
940 5174
1045 5174
940 5175
1045 5175
940 5244
1045 5244
940 5247
1045 5247
774 1282
1176 1282
774 1775
1176 1775
774 1776
1176 1776
774 2351
1176 2351
774 3030
1176 3030
774 3218
1176 3218
774 3286
1176 3286
774 3355
1176 3355
774 3364
1176 3364
774 3487
1176 3487
774 3504
1176 3504
774 3525
1176 3525
774 3527
1176 3527
774 3550
1176 3550
774 3555
1176 3555
774 3577
1176 3577
774 3631
1176 3631
774 3720
1176 3720
774 3834
1176 3834
774 3872
1176 3872
774 3873
1176 3873
774 4045
1176 4045
774 4055
1176 4055
774 4088
1176 4088
774 4120
1176 4120
774 4143
1176 4143
774 4154
1176 4154
774 4159
1176 4159
774 4195
1176 4195
774 4197
1176 4197
774 4220
1176 4220
774 4292
1176 4292
774 4305
1176 4305
774 4350
1176 4350
774 4401
1176 4401
774 4407
1176 4407
774 4408
1176 4408
774 4409
1176 4409
774 4410
1176 4410
774 4470
1176 4470
774 4495
1176 4495
774 4498
1176 4498
774 4503
1176 4503
774 4506
1176 4506
774 4531
1176 4531
774 4580
1176 4580
774 4610
1176 4610
774 4621
1176 4621
774 4627
1176 4627
774 4631
1176 4631
774 4638
1176 4638
774 4639
1176 4639
774 4644
1176 4644
774 4673
1176 4673
774 4718
1176 4718
774 4719
1176 4719
774 4755
1176 4755
774 4756
1176 4756
774 4773
1176 4773
774 4790
1176 4790
774 4797
1176 4797
774 4799
1176 4799
774 4803
1176 4803
774 4817
1176 4817
774 4830
1176 4830
774 4831
1176 4831
774 4860
1176 4860
774 4861
1176 4861
774 4881
1176 4881
774 4892
1176 4892
774 4899
1176 4899
774 4900
1176 4900
774 4932
1176 4932
774 4937
1176 4937
774 4980
1176 4980
774 5003
1176 5003
774 5004
1176 5004
774 5005
1176 5005
774 5046
1176 5046
774 5048
1176 5048
774 5049
1176 5049
774 5050
1176 5050
774 5094
1176 5094
774 5096
1176 5096
774 5131
1176 5131
774 5166
1176 5166
774 5167
1176 5167
774 5168
1176 5168
774 5169
1176 5169
774 5170
1176 5170
774 5177
1176 5177
774 5178
1176 5178
774 5179
1176 5179
774 5180
1176 5180
774 5181
1176 5181
774 5190
1176 5190
774 5191
1176 5191
774 5193
1176 5193
774 5195
1176 5195
774 5203
1176 5203
774 5206
1176 5206
774 5215
1176 5215
774 5216
1176 5216
774 5217
1176 5217
774 5221
1176 5221
774 5222
1176 5222
774 5230
1176 5230
774 5253
1176 5253
774 5254
1176 5254
774 5255
1176 5255
774 5257
1176 5257
774 5295
1176 5295
774 5296
1176 5296
774 5297
1176 5297
352 532
482 532
352 941
482 941
352 2200
482 2200
352 2206
482 2206
352 2213
482 2213
352 2226
482 2226
352 2446
482 2446
352 2457
482 2457
352 2704
482 2704
352 2789
482 2789
352 2817
482 2817
352 3035
482 3035
352 3076
482 3076
352 3131
482 3131
352 3213
482 3213
352 3255
482 3255
352 3267
482 3267
352 3280
482 3280
352 3305
482 3305
352 3306
482 3306
352 3336
482 3336
352 3338
482 3338
352 3474
482 3474
352 3502
482 3502
352 3517
482 3517
352 3523
482 3523
352 3594
482 3594
352 3604
482 3604
352 3678
482 3678
352 3786
482 3786
352 3901
482 3901
352 3928
482 3928
352 3970
482 3970
352 3971
482 3971
352 3972
482 3972
352 4038
482 4038
352 4043
482 4043
352 4048
482 4048
352 4081
482 4081
352 4090
482 4090
352 4092
482 4092
352 4100
482 4100
352 4129
482 4129
352 4135
482 4135
352 4136
482 4136
352 4218
482 4218
352 4247
482 4247
352 4269
482 4269
352 4293
482 4293
352 4314
482 4314
352 4321
482 4321
352 4334
482 4334
352 4346
482 4346
352 4355
482 4355
352 4416
482 4416
352 4445
482 4445
352 4476
482 4476
352 4497
482 4497
352 4511
482 4511
352 4530
482 4530
352 4541
482 4541
352 4556
482 4556
352 4564
482 4564
352 4578
482 4578
352 4588
482 4588
352 4603
482 4603
352 4658
482 4658
352 4663
482 4663
352 4690
482 4690
352 4693
482 4693
352 4697
482 4697
352 4699
482 4699
352 4710
482 4710
352 4712
482 4712
352 4732
482 4732
352 4735
482 4735
352 4736
482 4736
352 4757
482 4757
352 4813
482 4813
352 4814
482 4814
352 4824
482 4824
352 4825
482 4825
352 4826
482 4826
352 4837
482 4837
352 4838
482 4838
352 4839
482 4839
352 4842
482 4842
352 4843
482 4843
352 4845
482 4845
352 4863
482 4863
352 4864
482 4864
352 4865
482 4865
352 4875
482 4875
352 4876
482 4876
352 4877
482 4877
352 4906
482 4906
352 4907
482 4907
352 4908
482 4908
352 4909
482 4909
352 4911
482 4911
352 4912
482 4912
352 4913
482 4913
352 4914
482 4914
352 4915
482 4915
352 4917
482 4917
352 4925
482 4925
352 4942
482 4942
352 4943
482 4943
352 4944
482 4944
352 4945
482 4945
352 4947
482 4947
352 4948
482 4948
352 5052
482 5052
352 5053
482 5053
352 5054
482 5054
352 5055
482 5055
352 5058
482 5058
352 5059
482 5059
352 5060
482 5060
352 5061
482 5061
352 5062
482 5062
352 5101
482 5101
352 5143
482 5143
352 5145
482 5145
352 5146
482 5146
352 5147
482 5147
352 5148
482 5148
352 5149
482 5149
352 5150
482 5150
352 5152
482 5152
352 5153
482 5153
352 5182
482 5182
352 5183
482 5183
352 5184
482 5184
352 5187
482 5187
352 5196
482 5196
712 972
755 972
712 1077
755 1077
712 1079
755 1079
712 1094
755 1094
712 1117
755 1117
712 1323
755 1323
712 1577
755 1577
712 2012
755 2012
712 2276
755 2276
712 2313
755 2313
712 2315
755 2315
712 2316
755 2316
712 2355
755 2355
712 2368
755 2368
712 2631
755 2631
712 2742
755 2742
712 2773
755 2773
712 2779
755 2779
712 2820
755 2820
712 2867
755 2867
712 2942
755 2942
712 2944
755 2944
712 3044
755 3044
712 3049
755 3049
712 3222
755 3222
712 3293
755 3293
712 3448
755 3448
712 3509
755 3509
712 3601
755 3601
712 3605
755 3605
712 3703
755 3703
712 3709
755 3709
712 3716
755 3716
712 3753
755 3753
712 3835
755 3835
712 3855
755 3855
712 3856
755 3856
712 3870
755 3870
712 3930
755 3930
712 3945
755 3945
712 3958
755 3958
712 3986
755 3986
712 4000
755 4000
712 4001
755 4001
712 4009
755 4009
712 4031
755 4031
712 4032
755 4032
712 4046
755 4046
712 4047
755 4047
712 4051
755 4051
712 4066
755 4066
712 4074
755 4074
712 4075
755 4075
712 4096
755 4096
712 4101
755 4101
712 4105
755 4105
712 4152
755 4152
712 4177
755 4177
712 4207
755 4207
712 4208
755 4208
712 4210
755 4210
712 4237
755 4237
712 4256
755 4256
712 4257
755 4257
712 4260
755 4260
712 4287
755 4287
712 4301
755 4301
712 4331
755 4331
712 4348
755 4348
712 4356
755 4356
712 4367
755 4367
712 4368
755 4368
712 4391
755 4391
712 4393
755 4393
712 4394
755 4394
712 4396
755 4396
712 4403
755 4403
712 4442
755 4442
712 4449
755 4449
712 4462
755 4462
712 4499
755 4499
712 4502
755 4502
712 4523
755 4523
712 4524
755 4524
712 4565
755 4565
712 4600
755 4600
712 4601
755 4601
712 4607
755 4607
712 4648
755 4648
712 4649
755 4649
712 4650
755 4650
712 4659
755 4659
712 4665
755 4665
712 4666
755 4666
712 4675
755 4675
712 4772
755 4772
712 4795
755 4795
712 4827
755 4827
712 4828
755 4828
712 4878
755 4878
712 4951
755 4951
712 4952
755 4952
712 4953
755 4953
712 4960
755 4960
712 4961
755 4961
712 4962
755 4962
712 5043
755 5043
712 5056
755 5056
712 5057
755 5057
712 5102
755 5102
712 5103
755 5103
712 5104
755 5104
712 5201
755 5201
712 5202
755 5202
767 2047
1720 2047
767 2168
1720 2168
767 2257
1720 2257
767 2291
1720 2291
767 2665
1720 2665
767 2677
1720 2677
767 2999
1720 2999
767 3162
1720 3162
767 3187
1720 3187
767 3342
1720 3342
767 3580
1720 3580
767 3833
1720 3833
767 3875
1720 3875
767 3895
1720 3895
767 3940
1720 3940
767 4004
1720 4004
767 4035
1720 4035
767 4160
1720 4160
767 4229
1720 4229
767 4251
1720 4251
767 4278
1720 4278
767 4426
1720 4426
767 4480
1720 4480
767 4493
1720 4493
767 4510
1720 4510
767 4517
1720 4517
767 4520
1720 4520
767 4656
1720 4656
767 4668
1720 4668
767 4683
1720 4683
767 4721
1720 4721
767 4745
1720 4745
767 4775
1720 4775
767 4776
1720 4776
767 4794
1720 4794
767 4851
1720 4851
767 4871
1720 4871
767 4872
1720 4872
767 4879
1720 4879
767 4898
1720 4898
767 4992
1720 4992
767 4994
1720 4994
767 4995
1720 4995
767 4996
1720 4996
767 5008
1720 5008
767 5009
1720 5009
767 5030
1720 5030
767 5031
1720 5031
767 5032
1720 5032
767 5070
1720 5070
767 5071
1720 5071
767 5072
1720 5072
767 5073
1720 5073
767 5075
1720 5075
767 5076
1720 5076
767 5077
1720 5077
767 5078
1720 5078
767 5108
1720 5108
767 5109
1720 5109
767 5110
1720 5110
767 5111
1720 5111
767 5112
1720 5112
767 5113
1720 5113
767 5200
1720 5200
940 2120
1045 2120
940 2326
1045 2326
940 3095
1045 3095
774 4702
1176 4702
771 401
824 401
771 2909
824 2909
771 4853
824 4853
940 1983
1045 1983
940 1998
1045 1998
940 2488
1045 2488
940 3503
1045 3503
352 783
482 783
352 1610
482 1610
352 2409
482 2409
352 2554
482 2554
352 3524
482 3524
352 4933
482 4933
771 4243
824 4243
771 4553
824 4553
771 3546
824 3546
767 1595
1720 1595
712 369
755 369
712 579
755 579
712 3880
755 3880
712 3910
755 3910
712 4289
755 4289
352 330
482 330
352 1537
482 1537
352 4807
482 4807
767 3952
1720 3952
774 1411
1176 1411
774 1774
1176 1774
774 3449
1176 3449
774 4252
1176 4252
